0 5
1 5
2 4
3 4
4 7
5 5
6 4
7 4
8 7
9 4
10 4
11 4
12 4
13 4
14 0
15 0
16 0
17 0
18 0
19 0
20 0
21 4
22 4
23 4
24 4
25 0
26 0
27 0
28 0
29 0
30 0
31 0
32 0
33 0
34 0
35 6
36 1
37 1
38 1
39 1
40 4
41 1
42 4
43 4
44 4
45 1
46 6
47 4
48 4
49 4
50 6
51 4
52 2
53 2
54 2
55 2
56 2
57 2
58 2
59 2
60 2
61 2
62 2
63 2
64 2
65 2
66 2
67 2
68 2
69 2
70 0
71 0
72 0
73 0
74 4
75 4
76 6
77 6
78 6
79 6
80 6
81 6
82 6
83 6
84 6
85 6
86 6
87 6
88 6
89 6
90 6
91 6
92 6
93 6
94 3
95 3
96 3
97 3
98 3
99 3
100 4
101 4
102 6
103 6
104 6
105 6
106 6
107 6
108 6
109 1
110 1
111 1
112 4
113 7
114 7
115 7
116 7
117 7
118 7
119 5
120 5
121 7
122 7
123 7
124 7
125 7
126 3
127 3
128 3
129 3
130 3
131 7
132 7
133 7
134 1
135 1
136 1
137 1
138 1
139 1
140 1
141 1
142 1
143 1
144 4
145 4
146 4
147 4
148 4
149 4
150 4
151 4
152 4
153 4
154 4
155 4
156 4
157 3
158 3
159 4
160 6
161 6
162 4
163 4
164 4
165 4
166 4
167 4
168 3
169 4
170 4
171 4
172 3
173 3
174 4
175 4
176 4
177 4
178 4
179 4
180 7
181 7
182 7
183 7
184 4
185 4
186 7
187 3
188 3
189 3
190 4
191 4
192 4
193 4
194 4
195 4
196 4
197 4
198 7
199 7
200 6
201 6
202 7
203 0
204 7
205 7
206 7
207 4
208 4
209 4
210 4
211 4
212 4
213 4
214 4
215 7
216 7
217 7
218 7
219 7
220 0
221 0
222 7
223 7
224 7
225 7
226 7
227 7
228 7
229 7
230 7
231 7
232 7
233 7
234 7
235 7
236 7
237 7
238 7
239 7
240 7
241 7
242 7
243 7
244 7
245 7
246 7
247 7
248 7
249 7
250 7
251 7
252 7
253 7
254 7
