0 1
0 2
0 3
0 4
0 5
0 119
0 120
1 0
1 2
1 3
1 4
1 5
1 119
1 120
2 0
2 1
2 3
2 4
2 5
2 6
2 7
2 8
2 9
2 10
2 13
2 14
2 15
2 16
2 17
2 18
2 19
2 20
2 21
2 22
2 26
2 39
2 40
2 42
2 43
2 44
2 46
2 47
2 74
2 75
2 100
2 119
2 120
2 144
2 145
2 146
2 153
2 154
2 155
2 156
2 164
2 165
2 166
2 175
3 0
3 1
3 2
3 4
3 5
3 10
3 13
3 21
3 22
3 44
3 47
3 100
3 155
3 164
3 167
3 171
3 184
4 0
4 1
4 2
4 3
4 5
4 6
4 7
4 8
4 9
4 10
4 11
4 12
4 13
4 14
4 15
4 16
4 17
4 18
4 19
4 20
4 21
4 22
4 23
4 24
4 25
4 26
4 27
4 28
4 29
4 30
4 31
4 32
4 33
4 34
4 35
4 36
4 37
4 38
4 39
4 40
4 41
4 42
4 43
4 44
4 45
4 46
4 47
4 48
4 49
4 50
4 51
4 52
4 53
4 54
4 55
4 56
4 57
4 58
4 59
4 60
4 61
4 62
4 63
4 64
4 65
4 66
4 67
4 68
4 69
4 70
4 71
4 72
4 73
4 74
4 75
4 76
4 77
4 78
4 79
4 80
4 81
4 82
4 83
4 84
4 85
4 86
4 87
4 88
4 89
4 90
4 91
4 92
4 93
4 94
4 95
4 96
4 97
4 98
4 99
4 100
4 101
4 102
4 103
4 104
4 105
4 106
4 107
4 108
4 109
4 110
4 111
4 112
4 113
4 114
4 115
4 116
4 117
4 118
4 119
4 120
4 121
4 122
4 123
4 124
4 125
4 126
4 127
4 128
4 129
4 130
4 131
4 132
4 133
4 134
4 135
4 136
4 137
4 138
4 139
4 140
4 141
4 142
4 143
4 144
4 145
4 146
4 147
4 148
4 149
4 150
4 151
4 152
4 153
4 154
4 155
4 156
4 157
4 158
4 159
4 160
4 161
4 162
4 163
4 164
4 165
4 166
4 167
4 168
4 169
4 170
4 171
4 172
4 173
4 174
4 175
4 176
4 177
4 178
4 179
4 180
4 181
4 182
4 183
4 184
4 185
4 186
4 187
4 188
4 189
4 190
4 191
4 192
4 193
4 194
4 195
4 196
4 197
4 198
4 199
4 200
4 201
4 202
4 203
4 204
4 205
4 206
4 207
4 208
4 209
4 210
4 211
4 212
4 213
4 214
4 215
4 216
4 217
4 218
4 219
4 220
4 221
4 222
4 223
4 224
4 225
4 226
4 227
4 228
4 229
4 230
4 231
4 232
4 233
4 234
4 235
4 236
4 237
4 238
4 239
4 240
4 241
4 242
4 243
4 244
4 245
4 246
4 247
4 248
4 249
4 250
4 251
4 252
4 253
4 254
5 0
5 1
5 2
5 3
5 4
5 119
5 120
6 2
6 4
6 7
6 26
6 39
6 42
6 44
6 46
6 74
6 75
6 156
7 2
7 4
7 6
7 44
8 2
8 4
9 2
9 4
9 10
9 11
9 14
9 24
9 47
9 51
10 2
10 3
10 4
10 9
10 11
10 12
10 14
10 23
10 24
10 39
10 40
10 43
10 44
10 47
10 48
10 51
10 144
10 145
10 153
10 164
10 167
10 169
10 170
10 175
10 185
10 212
11 4
11 9
11 10
11 12
11 24
11 51
12 4
12 10
12 11
12 24
13 2
13 3
13 4
14 2
14 4
14 9
14 10
14 15
14 16
14 17
14 18
14 19
14 20
14 24
14 25
14 26
14 27
14 28
14 29
14 30
14 31
14 32
14 33
14 34
14 44
14 47
14 51
14 70
14 71
14 72
14 73
15 2
15 4
15 14
15 16
15 17
15 18
15 19
15 20
16 2
16 4
16 14
16 15
16 17
16 18
16 19
16 20
17 2
17 4
17 14
17 15
17 16
17 18
17 19
17 20
18 2
18 4
18 14
18 15
18 16
18 17
18 19
18 20
19 2
19 4
19 14
19 15
19 16
19 17
19 18
19 20
19 25
19 26
19 27
19 28
19 29
19 30
19 31
19 32
19 33
19 34
20 2
20 4
20 14
20 15
20 16
20 17
20 18
20 19
20 25
20 26
20 27
20 28
20 29
20 30
20 31
20 32
20 33
20 34
21 2
21 3
21 4
21 23
21 43
21 44
21 79
21 211
22 2
22 3
22 4
22 23
22 44
22 47
22 112
22 155
22 164
22 171
22 184
23 4
23 10
23 21
23 22
23 26
23 39
23 40
23 44
23 47
23 48
23 75
23 79
23 101
23 112
23 162
23 163
23 164
23 176
23 177
23 178
23 179
23 185
23 203
23 207
23 208
23 209
23 210
23 211
23 214
23 220
23 221
24 4
24 9
24 10
24 11
24 12
24 14
24 44
24 47
24 51
25 4
25 14
25 19
25 20
25 26
25 27
25 28
25 29
25 30
25 31
25 32
25 33
25 34
26 2
26 4
26 6
26 14
26 19
26 20
26 23
26 25
26 27
26 28
26 29
26 30
26 31
26 32
26 33
26 34
26 44
26 79
26 156
26 203
26 220
26 221
27 4
27 14
27 19
27 20
27 25
27 26
27 28
27 29
27 30
27 31
27 32
27 33
27 34
28 4
28 14
28 19
28 20
28 25
28 26
28 27
28 29
28 30
28 31
28 32
28 33
28 34
29 4
29 14
29 19
29 20
29 25
29 26
29 27
29 28
29 30
29 31
29 32
29 33
29 34
30 4
30 14
30 19
30 20
30 25
30 26
30 27
30 28
30 29
30 31
30 32
30 33
30 34
31 4
31 14
31 19
31 20
31 25
31 26
31 27
31 28
31 29
31 30
31 32
31 33
31 34
32 4
32 14
32 19
32 20
32 25
32 26
32 27
32 28
32 29
32 30
32 31
32 33
32 34
33 4
33 14
33 19
33 20
33 25
33 26
33 27
33 28
33 29
33 30
33 31
33 32
33 34
34 4
34 14
34 19
34 20
34 25
34 26
34 27
34 28
34 29
34 30
34 31
34 32
34 33
35 4
35 36
35 37
35 38
35 39
35 40
35 41
35 46
35 50
35 76
35 77
35 78
35 79
35 80
35 81
35 82
35 83
35 84
35 85
35 86
35 87
35 88
35 89
35 90
35 91
35 92
35 93
35 102
35 103
35 104
35 105
35 106
35 107
35 108
36 4
36 35
36 37
36 38
36 39
36 40
36 41
37 4
37 35
37 36
37 38
37 39
37 40
37 41
38 4
38 35
38 36
38 37
38 39
38 40
38 41
39 2
39 4
39 6
39 10
39 23
39 35
39 36
39 37
39 38
39 40
39 41
39 42
39 44
39 45
39 46
39 48
39 50
39 76
39 77
39 79
39 94
39 96
39 97
39 109
39 110
39 111
39 112
39 134
39 135
39 136
39 137
39 138
39 139
39 140
39 141
39 142
39 143
39 144
39 146
39 164
39 185
40 2
40 4
40 10
40 23
40 35
40 36
40 37
40 38
40 39
40 41
40 44
40 46
40 47
40 50
40 79
40 146
40 153
40 164
40 165
40 166
41 4
41 35
41 36
41 37
41 38
41 39
41 40
42 2
42 4
42 6
42 39
43 2
43 4
43 10
43 21
43 44
43 60
43 75
43 94
43 98
43 101
43 144
43 145
43 146
43 149
43 150
43 151
43 152
43 153
43 164
43 165
43 169
43 170
43 175
43 213
44 2
44 3
44 4
44 6
44 7
44 10
44 14
44 21
44 22
44 23
44 24
44 26
44 39
44 40
44 43
44 46
44 47
44 48
44 51
44 60
44 74
44 75
44 76
44 79
44 93
44 94
44 95
44 98
44 100
44 109
44 112
44 116
44 127
44 144
44 145
44 146
44 147
44 148
44 153
44 155
44 156
44 157
44 158
44 160
44 161
44 162
44 163
44 164
44 165
44 166
44 167
44 169
44 170
44 171
44 174
44 175
44 176
44 177
44 178
44 179
44 184
44 185
44 190
44 191
44 192
44 193
44 194
44 195
44 196
44 197
44 200
44 201
44 203
44 207
44 208
44 209
44 210
44 211
44 212
44 213
44 214
44 217
44 219
44 220
44 221
44 226
44 228
44 230
44 236
44 238
44 248
44 249
44 251
45 4
45 39
46 2
46 4
46 6
46 35
46 39
46 40
46 44
46 50
46 76
46 77
46 78
46 79
46 80
46 81
46 82
46 83
46 84
46 85
46 86
46 87
46 88
46 89
46 90
46 91
46 92
46 93
46 102
46 103
46 104
46 105
46 106
46 107
46 108
46 160
46 200
46 201
47 2
47 3
47 4
47 9
47 10
47 14
47 22
47 23
47 24
47 40
47 44
47 48
47 49
47 51
47 52
47 53
47 54
47 55
47 56
47 57
47 58
47 59
47 60
47 61
47 62
47 63
47 64
47 65
47 66
47 67
47 68
47 69
47 144
47 146
47 155
47 159
47 164
47 165
47 166
47 167
47 171
47 184
47 190
47 191
47 192
47 193
47 194
47 195
47 196
47 197
47 212
48 4
48 10
48 23
48 39
48 44
48 47
48 49
48 159
48 164
48 185
49 4
49 47
49 48
50 4
50 35
50 39
50 40
50 46
51 4
51 9
51 10
51 11
51 14
51 24
51 44
51 47
52 4
52 47
52 53
52 54
52 55
52 56
52 57
52 58
52 59
52 60
52 61
52 62
52 63
52 64
52 65
52 66
52 67
52 68
52 69
53 4
53 47
53 52
53 54
53 55
53 56
53 57
53 58
53 59
53 60
53 61
53 62
53 63
53 64
53 65
53 66
53 67
53 68
53 69
54 4
54 47
54 52
54 53
54 55
54 56
54 57
54 58
54 59
54 60
54 61
54 62
54 63
54 64
54 65
54 66
54 67
54 68
54 69
55 4
55 47
55 52
55 53
55 54
55 56
55 57
55 58
55 59
55 60
55 61
55 62
55 63
55 64
55 65
55 66
55 67
55 68
55 69
56 4
56 47
56 52
56 53
56 54
56 55
56 57
56 58
56 59
56 60
56 61
56 62
56 63
56 64
56 65
56 66
56 67
56 68
56 69
57 4
57 47
57 52
57 53
57 54
57 55
57 56
57 58
57 59
57 60
57 61
57 62
57 63
57 64
57 65
57 66
57 67
57 68
57 69
58 4
58 47
58 52
58 53
58 54
58 55
58 56
58 57
58 59
58 60
58 61
58 62
58 63
58 64
58 65
58 66
58 67
58 68
58 69
59 4
59 47
59 52
59 53
59 54
59 55
59 56
59 57
59 58
59 60
59 61
59 62
59 63
59 64
59 65
59 66
59 67
59 68
59 69
60 4
60 43
60 44
60 47
60 52
60 53
60 54
60 55
60 56
60 57
60 58
60 59
60 61
60 62
60 63
60 64
60 65
60 66
60 67
60 68
60 69
60 146
60 165
61 4
61 47
61 52
61 53
61 54
61 55
61 56
61 57
61 58
61 59
61 60
61 62
61 63
61 64
61 65
61 66
61 67
61 68
61 69
62 4
62 47
62 52
62 53
62 54
62 55
62 56
62 57
62 58
62 59
62 60
62 61
62 63
62 64
62 65
62 66
62 67
62 68
62 69
63 4
63 47
63 52
63 53
63 54
63 55
63 56
63 57
63 58
63 59
63 60
63 61
63 62
63 64
63 65
63 66
63 67
63 68
63 69
64 4
64 47
64 52
64 53
64 54
64 55
64 56
64 57
64 58
64 59
64 60
64 61
64 62
64 63
64 65
64 66
64 67
64 68
64 69
65 4
65 47
65 52
65 53
65 54
65 55
65 56
65 57
65 58
65 59
65 60
65 61
65 62
65 63
65 64
65 66
65 67
65 68
65 69
66 4
66 47
66 52
66 53
66 54
66 55
66 56
66 57
66 58
66 59
66 60
66 61
66 62
66 63
66 64
66 65
66 67
66 68
66 69
67 4
67 47
67 52
67 53
67 54
67 55
67 56
67 57
67 58
67 59
67 60
67 61
67 62
67 63
67 64
67 65
67 66
67 68
67 69
68 4
68 47
68 52
68 53
68 54
68 55
68 56
68 57
68 58
68 59
68 60
68 61
68 62
68 63
68 64
68 65
68 66
68 67
68 69
69 4
69 47
69 52
69 53
69 54
69 55
69 56
69 57
69 58
69 59
69 60
69 61
69 62
69 63
69 64
69 65
69 66
69 67
69 68
70 4
70 14
70 71
70 72
70 73
71 4
71 14
71 70
71 72
71 73
72 4
72 14
72 70
72 71
72 73
73 4
73 14
73 70
73 71
73 72
74 2
74 4
74 6
74 44
74 75
75 2
75 4
75 6
75 23
75 43
75 44
75 74
75 94
75 101
75 149
75 150
75 151
75 152
75 162
75 163
75 164
76 4
76 35
76 39
76 44
76 46
76 77
76 78
76 79
76 80
76 81
76 82
76 83
76 84
76 85
76 86
76 87
76 88
76 89
76 90
76 91
76 92
76 93
76 94
76 95
76 96
76 97
76 98
76 99
76 102
76 103
76 104
76 105
76 106
76 107
76 108
76 126
76 127
76 128
76 129
76 130
76 157
76 158
76 168
76 172
76 173
76 187
76 188
76 189
77 4
77 35
77 39
77 46
77 76
77 78
77 79
77 80
77 81
77 82
77 83
77 84
77 85
77 86
77 87
77 88
77 89
77 90
77 91
77 92
77 93
77 94
77 95
77 96
77 97
77 98
77 99
77 102
77 103
77 104
77 105
77 106
77 107
77 108
77 126
77 127
77 128
77 129
77 130
77 158
77 168
77 172
77 173
77 187
77 188
77 189
78 4
78 35
78 46
78 76
78 77
78 79
78 80
78 81
78 82
78 83
78 84
78 85
78 86
78 87
78 88
78 89
78 90
78 91
78 92
78 93
78 102
78 103
78 104
78 105
78 106
78 107
78 108
79 4
79 21
79 23
79 26
79 35
79 39
79 40
79 44
79 46
79 76
79 77
79 78
79 80
79 81
79 82
79 83
79 84
79 85
79 86
79 87
79 88
79 89
79 90
79 91
79 92
79 93
79 102
79 103
79 104
79 105
79 106
79 107
79 108
79 112
79 147
79 148
79 160
79 200
79 201
79 203
79 211
79 220
79 221
80 4
80 35
80 46
80 76
80 77
80 78
80 79
80 81
80 82
80 83
80 84
80 85
80 86
80 87
80 88
80 89
80 90
80 91
80 92
80 93
81 4
81 35
81 46
81 76
81 77
81 78
81 79
81 80
81 82
81 83
81 84
81 85
81 86
81 87
81 88
81 89
81 90
81 91
81 92
81 93
81 102
81 103
81 104
81 105
81 106
81 107
81 108
82 4
82 35
82 46
82 76
82 77
82 78
82 79
82 80
82 81
82 83
82 84
82 85
82 86
82 87
82 88
82 89
82 90
82 91
82 92
82 93
82 102
82 103
82 104
82 105
82 106
82 107
82 108
83 4
83 35
83 46
83 76
83 77
83 78
83 79
83 80
83 81
83 82
83 84
83 85
83 86
83 87
83 88
83 89
83 90
83 91
83 92
83 93
84 4
84 35
84 46
84 76
84 77
84 78
84 79
84 80
84 81
84 82
84 83
84 85
84 86
84 87
84 88
84 89
84 90
84 91
84 92
84 93
85 4
85 35
85 46
85 76
85 77
85 78
85 79
85 80
85 81
85 82
85 83
85 84
85 86
85 87
85 88
85 89
85 90
85 91
85 92
85 93
85 102
85 103
85 104
85 105
85 106
85 107
85 108
86 4
86 35
86 46
86 76
86 77
86 78
86 79
86 80
86 81
86 82
86 83
86 84
86 85
86 87
86 88
86 89
86 90
86 91
86 92
86 93
87 4
87 35
87 46
87 76
87 77
87 78
87 79
87 80
87 81
87 82
87 83
87 84
87 85
87 86
87 88
87 89
87 90
87 91
87 92
87 93
87 102
87 103
87 104
87 105
87 106
87 107
87 108
88 4
88 35
88 46
88 76
88 77
88 78
88 79
88 80
88 81
88 82
88 83
88 84
88 85
88 86
88 87
88 89
88 90
88 91
88 92
88 93
89 4
89 35
89 46
89 76
89 77
89 78
89 79
89 80
89 81
89 82
89 83
89 84
89 85
89 86
89 87
89 88
89 90
89 91
89 92
89 93
89 102
89 103
89 104
89 105
89 106
89 107
89 108
90 4
90 35
90 46
90 76
90 77
90 78
90 79
90 80
90 81
90 82
90 83
90 84
90 85
90 86
90 87
90 88
90 89
90 91
90 92
90 93
91 4
91 35
91 46
91 76
91 77
91 78
91 79
91 80
91 81
91 82
91 83
91 84
91 85
91 86
91 87
91 88
91 89
91 90
91 92
91 93
91 102
91 103
91 104
91 105
91 106
91 107
91 108
92 4
92 35
92 46
92 76
92 77
92 78
92 79
92 80
92 81
92 82
92 83
92 84
92 85
92 86
92 87
92 88
92 89
92 90
92 91
92 93
93 4
93 35
93 44
93 46
93 76
93 77
93 78
93 79
93 80
93 81
93 82
93 83
93 84
93 85
93 86
93 87
93 88
93 89
93 90
93 91
93 92
93 94
93 95
93 96
93 97
93 126
93 127
93 128
93 129
93 130
93 157
93 158
93 168
93 172
93 173
94 4
94 39
94 43
94 44
94 75
94 76
94 77
94 93
94 95
94 96
94 97
94 98
94 99
94 101
94 126
94 127
94 128
94 129
94 130
94 145
94 149
94 150
94 151
94 152
94 157
94 158
94 160
94 161
94 168
94 172
94 173
94 174
94 175
94 187
94 188
94 189
95 4
95 44
95 76
95 77
95 93
95 94
95 96
95 97
95 98
95 99
95 126
95 127
95 128
95 129
95 130
95 157
95 158
95 168
95 172
95 173
95 187
95 188
95 189
96 4
96 39
96 76
96 77
96 93
96 94
96 95
96 97
96 98
96 99
96 126
96 127
96 128
96 129
96 130
96 158
96 168
96 172
96 173
96 187
96 188
96 189
97 4
97 39
97 76
97 77
97 93
97 94
97 95
97 96
97 98
97 99
97 126
97 127
97 128
97 129
97 130
97 158
97 168
97 172
97 173
97 187
97 188
97 189
98 4
98 43
98 44
98 76
98 77
98 94
98 95
98 96
98 97
98 99
99 4
99 76
99 77
99 94
99 95
99 96
99 97
99 98
100 2
100 3
100 4
100 44
101 4
101 23
101 43
101 75
101 94
101 149
101 150
101 151
101 152
102 4
102 35
102 46
102 76
102 77
102 78
102 79
102 81
102 82
102 85
102 87
102 89
102 91
102 103
102 104
102 105
102 106
102 107
102 108
103 4
103 35
103 46
103 76
103 77
103 78
103 79
103 81
103 82
103 85
103 87
103 89
103 91
103 102
103 104
103 105
103 106
103 107
103 108
104 4
104 35
104 46
104 76
104 77
104 78
104 79
104 81
104 82
104 85
104 87
104 89
104 91
104 102
104 103
104 105
104 106
104 107
104 108
105 4
105 35
105 46
105 76
105 77
105 78
105 79
105 81
105 82
105 85
105 87
105 89
105 91
105 102
105 103
105 104
105 106
105 107
105 108
106 4
106 35
106 46
106 76
106 77
106 78
106 79
106 81
106 82
106 85
106 87
106 89
106 91
106 102
106 103
106 104
106 105
106 107
106 108
107 4
107 35
107 46
107 76
107 77
107 78
107 79
107 81
107 82
107 85
107 87
107 89
107 91
107 102
107 103
107 104
107 105
107 106
107 108
108 4
108 35
108 46
108 76
108 77
108 78
108 79
108 81
108 82
108 85
108 87
108 89
108 91
108 102
108 103
108 104
108 105
108 106
108 107
109 4
109 39
109 44
109 110
109 111
110 4
110 39
110 109
110 111
111 4
111 39
111 109
111 110
112 4
112 22
112 23
112 39
112 44
112 79
112 144
112 147
112 148
113 4
113 114
113 115
113 116
113 117
113 118
113 131
113 132
113 133
114 4
114 113
114 115
114 116
114 117
114 118
114 131
114 132
114 133
115 4
115 113
115 114
115 116
115 117
115 118
115 133
116 4
116 44
116 113
116 114
116 115
116 117
116 118
116 121
116 122
116 131
116 132
116 133
116 180
116 181
116 182
116 183
116 186
116 198
116 199
116 202
116 215
116 216
116 217
116 218
116 219
116 225
116 227
116 229
116 231
116 232
116 233
116 234
116 235
116 237
116 238
116 239
116 240
116 241
116 242
116 243
116 244
116 245
116 246
116 247
116 248
116 250
117 4
117 113
117 114
117 115
117 116
117 118
117 131
117 132
117 133
118 4
118 113
118 114
118 115
118 116
118 117
118 133
119 0
119 1
119 2
119 4
119 5
119 120
120 0
120 1
120 2
120 4
120 5
120 119
121 4
121 116
121 122
121 123
121 124
121 125
121 182
121 183
121 186
121 202
122 4
122 116
122 121
123 4
123 121
123 124
123 125
124 4
124 121
124 123
124 125
125 4
125 121
125 123
125 124
126 4
126 76
126 77
126 93
126 94
126 95
126 96
126 97
126 127
126 128
126 129
126 130
126 158
126 168
126 172
126 173
126 187
126 188
126 189
127 4
127 44
127 76
127 77
127 93
127 94
127 95
127 96
127 97
127 126
127 128
127 129
127 130
127 157
127 158
128 4
128 76
128 77
128 93
128 94
128 95
128 96
128 97
128 126
128 127
128 129
128 130
128 158
128 168
128 172
128 173
128 187
128 188
128 189
129 4
129 76
129 77
129 93
129 94
129 95
129 96
129 97
129 126
129 127
129 128
129 130
129 158
129 168
129 172
129 173
130 4
130 76
130 77
130 93
130 94
130 95
130 96
130 97
130 126
130 127
130 128
130 129
130 158
130 168
130 172
130 173
130 187
130 188
130 189
131 4
131 113
131 114
131 116
131 117
131 132
131 180
131 181
131 198
131 199
131 219
131 227
131 237
131 239
131 240
131 245
132 4
132 113
132 114
132 116
132 117
132 131
133 4
133 113
133 114
133 115
133 116
133 117
133 118
134 4
134 39
134 135
134 136
134 137
134 138
134 139
134 140
134 141
134 142
134 143
135 4
135 39
135 134
135 136
135 137
135 138
135 139
135 140
135 141
135 142
135 143
136 4
136 39
136 134
136 135
136 137
136 138
136 139
136 140
136 141
136 142
136 143
137 4
137 39
137 134
137 135
137 136
137 138
137 139
137 140
137 141
137 142
137 143
138 4
138 39
138 134
138 135
138 136
138 137
138 139
138 140
138 141
138 142
138 143
139 4
139 39
139 134
139 135
139 136
139 137
139 138
139 140
139 141
139 142
139 143
140 4
140 39
140 134
140 135
140 136
140 137
140 138
140 139
140 141
140 142
140 143
141 4
141 39
141 134
141 135
141 136
141 137
141 138
141 139
141 140
141 142
141 143
142 4
142 39
142 134
142 135
142 136
142 137
142 138
142 139
142 140
142 141
142 143
143 4
143 39
143 134
143 135
143 136
143 137
143 138
143 139
143 140
143 141
143 142
144 2
144 4
144 10
144 39
144 43
144 44
144 47
144 112
144 145
144 164
145 2
145 4
145 10
145 43
145 44
145 94
145 144
145 174
145 175
146 2
146 4
146 39
146 40
146 43
146 44
146 47
146 60
146 164
146 165
146 166
147 4
147 44
147 79
147 112
147 148
148 4
148 44
148 79
148 112
148 147
149 4
149 43
149 75
149 94
149 101
149 150
149 151
149 152
150 4
150 43
150 75
150 94
150 101
150 149
150 151
150 152
151 4
151 43
151 75
151 94
151 101
151 149
151 150
151 152
152 4
152 43
152 75
152 94
152 101
152 149
152 150
152 151
153 2
153 4
153 10
153 40
153 43
153 44
153 154
153 155
153 164
153 169
154 2
154 4
154 153
154 155
155 2
155 3
155 4
155 22
155 44
155 47
155 153
155 154
155 164
155 171
155 184
156 2
156 4
156 6
156 26
156 44
157 4
157 44
157 76
157 93
157 94
157 95
157 127
157 158
158 4
158 44
158 76
158 77
158 93
158 94
158 95
158 96
158 97
158 126
158 127
158 128
158 129
158 130
158 157
158 168
159 4
159 47
159 48
160 4
160 44
160 46
160 79
160 94
160 161
160 200
160 201
161 4
161 44
161 94
161 160
162 4
162 23
162 44
162 75
162 163
162 164
163 4
163 23
163 44
163 75
163 162
163 164
164 2
164 3
164 4
164 10
164 22
164 23
164 39
164 40
164 43
164 44
164 47
164 48
164 75
164 144
164 146
164 153
164 155
164 162
164 163
164 165
164 166
164 167
164 171
164 176
164 177
164 178
164 179
164 184
164 185
164 190
164 191
164 192
164 193
164 194
164 195
164 196
164 197
164 212
164 213
165 2
165 4
165 40
165 43
165 44
165 47
165 60
165 146
165 164
165 166
166 2
166 4
166 40
166 44
166 47
166 146
166 164
166 165
167 3
167 4
167 10
167 44
167 47
167 164
168 4
168 76
168 77
168 93
168 94
168 95
168 96
168 97
168 126
168 128
168 129
168 130
168 158
169 4
169 10
169 43
169 44
169 153
169 170
170 4
170 10
170 43
170 44
170 169
171 3
171 4
171 22
171 44
171 47
171 155
171 164
171 184
172 4
172 76
172 77
172 93
172 94
172 95
172 96
172 97
172 126
172 128
172 129
172 130
172 173
173 4
173 76
173 77
173 93
173 94
173 95
173 96
173 97
173 126
173 128
173 129
173 130
173 172
173 187
173 188
173 189
174 4
174 44
174 94
174 145
174 175
175 2
175 4
175 10
175 43
175 44
175 94
175 145
175 174
176 4
176 23
176 44
176 164
176 177
176 178
176 179
177 4
177 23
177 44
177 164
177 176
177 178
177 179
178 4
178 23
178 44
178 164
178 176
178 177
178 179
179 4
179 23
179 44
179 164
179 176
179 177
179 178
180 4
180 116
180 131
180 181
180 198
180 199
181 4
181 116
181 131
181 180
181 198
181 199
181 215
181 216
181 217
181 218
181 219
181 225
181 229
181 237
182 4
182 116
182 121
182 183
182 186
183 4
183 116
183 121
183 182
183 186
183 203
184 3
184 4
184 22
184 44
184 47
184 155
184 164
184 171
185 4
185 10
185 23
185 39
185 44
185 48
185 164
186 4
186 116
186 121
186 182
186 183
187 4
187 76
187 77
187 94
187 95
187 96
187 97
187 126
187 128
187 130
187 173
187 188
187 189
188 4
188 76
188 77
188 94
188 95
188 96
188 97
188 126
188 128
188 130
188 173
188 187
188 189
189 4
189 76
189 77
189 94
189 95
189 96
189 97
189 126
189 128
189 130
189 173
189 187
189 188
190 4
190 44
190 47
190 164
190 191
190 192
190 193
190 194
190 195
190 196
190 197
191 4
191 44
191 47
191 164
191 190
191 192
191 193
191 194
191 195
191 196
191 197
192 4
192 44
192 47
192 164
192 190
192 191
192 193
192 194
192 195
192 196
192 197
193 4
193 44
193 47
193 164
193 190
193 191
193 192
193 194
193 195
193 196
193 197
194 4
194 44
194 47
194 164
194 190
194 191
194 192
194 193
194 195
194 196
194 197
195 4
195 44
195 47
195 164
195 190
195 191
195 192
195 193
195 194
195 196
195 197
196 4
196 44
196 47
196 164
196 190
196 191
196 192
196 193
196 194
196 195
196 197
197 4
197 44
197 47
197 164
197 190
197 191
197 192
197 193
197 194
197 195
197 196
198 4
198 116
198 131
198 180
198 181
198 199
199 4
199 116
199 131
199 180
199 181
199 198
199 237
200 4
200 44
200 46
200 79
200 160
200 201
201 4
201 44
201 46
201 79
201 160
201 200
202 4
202 116
202 121
203 4
203 23
203 26
203 44
203 79
203 183
203 220
203 221
204 4
204 205
204 206
205 4
205 204
205 206
206 4
206 204
206 205
207 4
207 23
207 44
207 208
207 209
207 210
207 211
207 214
208 4
208 23
208 44
208 207
208 209
208 210
208 211
208 214
209 4
209 23
209 44
209 207
209 208
209 210
209 211
209 214
210 4
210 23
210 44
210 207
210 208
210 209
210 211
210 214
211 4
211 21
211 23
211 44
211 79
211 207
211 208
211 209
211 210
211 214
212 4
212 10
212 44
212 47
212 164
213 4
213 43
213 44
213 164
214 4
214 23
214 44
214 207
214 208
214 209
214 210
214 211
215 4
215 116
215 181
215 216
215 231
215 232
215 235
216 4
216 116
216 181
216 215
216 229
216 231
216 232
216 235
217 4
217 44
217 116
217 181
217 218
217 219
217 238
218 4
218 116
218 181
218 217
218 219
218 233
218 234
219 4
219 44
219 116
219 131
219 181
219 217
219 218
219 227
219 238
219 245
219 246
219 247
219 248
220 4
220 23
220 26
220 44
220 79
220 203
220 221
221 4
221 23
221 26
221 44
221 79
221 203
221 220
222 4
222 223
223 4
223 222
224 4
225 4
225 116
225 181
226 4
226 44
226 228
226 230
227 4
227 116
227 131
227 219
227 239
227 240
228 4
228 44
228 226
229 4
229 116
229 181
229 216
230 4
230 44
230 226
230 236
230 251
231 4
231 116
231 215
231 216
231 232
232 4
232 116
232 215
232 216
232 231
233 4
233 116
233 218
233 234
234 4
234 116
234 218
234 233
235 4
235 116
235 215
235 216
236 4
236 44
236 230
236 251
237 4
237 116
237 131
237 181
237 199
238 4
238 44
238 116
238 217
238 219
239 4
239 116
239 131
239 227
239 240
240 4
240 116
240 131
240 227
240 239
241 4
241 116
241 242
241 243
241 244
242 4
242 116
242 241
242 243
242 244
243 4
243 116
243 241
243 242
243 244
244 4
244 116
244 241
244 242
244 243
245 4
245 116
245 131
245 219
245 250
246 4
246 116
246 219
246 247
247 4
247 116
247 219
247 246
248 4
248 44
248 116
248 219
249 4
249 44
250 4
250 116
250 245
251 4
251 44
251 230
251 236
252 4
252 253
252 254
253 4
253 252
253 254
254 4
254 252
254 253
