# The graph of at k=8
# from /home/nick/Desktop/syntheta/hw3/output.txt
# at no lower link weight threshold,
# and at no upper link weight threshold.
# Links were treated as undirected.
# No time limit was set for the clique search.

0 1 3
0 2 4
0 3 1
0 4 1
0 5 2
0 6 3
0 7 3
0 8 1
0 9 1
0 10 3
0 11 3
0 12 1
0 13 1
0 14 1
0 15 1
1 2 3
1 3 1
1 4 1
1 5 2
1 6 3
1 7 2
1 8 1
1 9 1
1 10 2
1 11 2
1 12 1
1 13 2
1 14 1
1 15 2
2 3 2
2 4 1
2 5 2
2 6 3
2 7 3
2 8 1
2 9 1
2 10 3
2 11 3
2 12 2
2 13 1
2 14 1
2 15 1
3 4 1
3 5 1
3 6 1
3 7 2
3 8 1
3 9 1
3 10 1
3 11 1
3 12 2
3 13 1
3 14 1
3 15 2
4 5 1
4 6 1
4 7 1
4 8 1
4 9 1
4 10 1
4 11 1
4 12 1
4 13 1
4 14 1
4 15 1
5 6 2
5 7 2
5 8 2
5 9 1
5 10 2
5 11 2
5 12 1
5 13 1
5 14 1
5 15 4
6 7 2
6 8 1
6 9 1
6 10 2
6 11 2
6 12 1
6 13 1
6 14 1
6 15 1
7 8 1
7 9 2
7 10 5
7 11 4
7 12 1
7 13 1
7 14 2
7 15 1
8 9 1
8 10 1
8 11 1
8 12 1
8 13 1
8 14 1
8 15 1
9 10 2
9 11 1
9 12 1
9 13 4
9 14 1
9 15 1
10 11 4
10 12 1
10 13 1
10 14 2
10 15 1
11 12 1
11 13 1
11 14 2
11 15 1
12 13 1
12 14 1
12 15 1
13 14 1
13 15 1
14 15 1
