# The graph of at k=5
# from /home/nick/Desktop/syntheta/hw3/output.txt
# at no lower link weight threshold,
# and at no upper link weight threshold.
# Links were treated as undirected.
# No time limit was set for the clique search.

0 1 1
0 2 2
0 3 1
0 4 1
0 5 2
0 6 1
0 7 4
0 8 2
0 9 1
0 10 1
0 11 2
0 12 1
0 13 3
0 14 2
0 15 3
1 2 1
1 3 2
1 4 1
1 5 1
1 6 2
1 7 1
1 8 3
1 9 2
1 10 2
1 11 1
1 12 2
1 13 1
1 14 1
1 15 1
2 3 1
2 4 1
2 5 1
2 6 1
2 7 1
2 8 1
2 9 1
2 10 1
2 11 1
2 12 1
2 13 1
2 14 2
2 15 1
3 4 1
3 5 1
3 6 2
3 7 1
3 8 3
3 9 2
3 10 2
3 11 1
3 12 2
3 13 1
3 14 1
3 15 1
4 5 1
4 6 1
4 7 1
4 8 1
4 9 1
4 10 2
4 11 1
4 12 1
4 13 1
4 14 1
4 15 1
5 6 1
5 7 2
5 8 2
5 9 1
5 10 1
5 11 1
5 12 1
5 13 1
5 14 1
5 15 1
6 7 1
6 8 3
6 9 2
6 10 2
6 11 1
6 12 2
6 13 1
6 14 1
6 15 1
7 8 2
7 9 1
7 10 1
7 11 1
7 12 1
7 13 1
7 14 1
7 15 1
8 9 2
8 10 2
8 11 1
8 12 3
8 13 1
8 14 1
8 15 1
9 10 2
9 11 1
9 12 2
9 13 1
9 14 1
9 15 1
10 11 1
10 12 2
10 13 1
10 14 1
10 15 1
11 12 1
11 13 1
11 14 1
11 15 1
12 13 1
12 14 1
12 15 1
13 14 1
13 15 1
14 15 1
